911297187664949248,1
1720046887,2
33836629,3
48008938,4
775449094739197953,5
3333052551,6
180993910,7
3918111614,8
1084212657761148928,9
216939636,10
1482581556,11
2815077014,12
2956121356,13
29843511,14
86351835,15
70831441,16
130745589,17
48642190,18
2577596593,19
4783690002,20
118263124,21
476582730,22
768092862,23
2573466488,24
197313522,25
1442906958,26
2981968107,27
3237721718,28
68746721,29
158106469,30
162124540,31
14393114,32
2895499182,33
175282603,34
138840988,35
153196789,36
797433864,37
50095170,38
990433714948661250,39
2361967422,40
3460735528,41
2902658140,42
3301643341,43
989251872107085824,44
36515907,45
15363432,46
22385548,47
2309105822,48
21815759,49
25263396,50
15278016,51
82364810,52
18850305,53
2314443930,54
824669300699070465,55
1034844617261248512,56
14103014,57
257642411,58
743452002,59
2785337469,60
264501255,61
2781430855,62
898805695,63
891077171673931776,64
1605,65
1601593543,66
1214528593,67
359831209,68
841499391508779008,69
1540897980,70
184983241,71
246939962,72
338526004,73
98073161,74
438301250,75
5620142,76
228792418,77
929791330519322624,78
776585502606721024,79
162293874,80
844953243931291648,81
167628717,82
186420551,83
39547749,84
882257115863187457,85
1095841166,86
837133583558987776,87
4558314927,88
254107028,89
778764142412984320,90
783356145670852608,91
2235411914,92
65876824,93
93957809,94
175624200,95
14009672,96
86481377,97
471550563,98
740238495952736256,99
44073696,100
888216099757490176,101
1145851147,102
318063815,103
977687191202693125,104
1076526138736951298,105
334470578,106
79440047,107
37254334,108
14986849,109
352013269,110
1278890108,111
7352832,112
6270652,113
731538535795163136,114
823957466,115
292849420,116
45675087,117
2865100348,118
31130787,119
748528569064710145,120
197684961,121
18027886,122
367297219,123
865622395,124
140980031,125
92096034,126
1463119548115087362,127
149627584,128
535136727,129
29469671,130
232294292,131
11766442,132
51257255,133
2303004390,134
490783473,135
16067035,136
1290762290224984064,137
887992016,138
158789494,139
2465283662,140
1270400820,141
158799075,142
314395154,143
387156826,144
236796085,145
407800233,146
915239533,147
1556664198,148
1408142352,149
168805139,150
2295554268,151
4157611,152
2541954109,153
80422885,154
14450509,155
17661484,156
3187990776,157
19510090,158
26970530,159
359622624,160
1426476636,161
1069106254927273984,162
19106898,163
96999384,164
4855602651,165
1581645991,166
173157358,167
56872711,168
957374995721629696,169
21066583,170
1163786515144724485,171
96135022,172
1258769409235091457,173
14137617,174
14551614,175
77316078,176
3363584909,177
709543955126333440,178
258031029,179
16141659,180
14968475,181
3442793834,182
1004334946230693890,183
14642896,184
1013971684624424960,185
2210861,186
893369040181182464,187
929211084,188
1469058794,189
439038555,190
167346791,191
452384386,192
14408924,193
811840379733606401,194
782356086120742912,195
5633002,196
101810581,197
821766660822626304,198
1658829246,199
747212842470891520,200
805535743875563520,201
27015881,202
1210596212140892160,203
24053629,204
3344958413,205
10850122,206
610552974,207
412628332,208
1387514922,209
22674817,210
947465066,211
29090443,212
286454227,213
243683803,214
634406525,215
62044012,216
19387570,217
67949052,218
765548,219
734984179956338688,220
8143682,221
905399486,222
15463062,223
47602120,224
102708234,225
185910194,226
2800204849,227
792035592,228
245262377,229
3741979273,230
18464317,231
50343115,232
870606756,233
3270678680,234
853111176,235
721931072,236
932369741724786690,237
4527505582,238
136262002,239
41446149,240
72030668,241
841512265413197824,242
122080635,243
1353836358901501952,244
315636336,245
2895770934,246
2508783510,247
20963651,248
28825783,249
18104734,250
167960058,251
60944552,252
796584325,253
17629607,254
221938964,255
142783289,256
1375825160,257
16984977,258
756181721997987848,259
711048242147041280,260
408706133,261
359956908,262
13759132,263
2502019975,264
1393424079634395139,265
1388977636618080256,266
1191207924,267
1118579966,268
96570221,269
289158382,270
2286218053,271
76080258,272
872274950,273
817060288281202689,274
759894532649545732,275
1395481063,276
3242991169,277
800067317702881280,278
10834752,279
180333300,280
1329262027,281
560473379,282
9271782,283
852066463208931328,284
3119778197,285
29634515,286
2236047510,287
1067218780806307841,288
3874714693,289
885528008,290
10587552,291
17664709,292
14337485,293
1253758756304809984,294
60801171,295
893882282175471616,296
504906590,297
892796129653469188,298
41609220,299
1463354832,300
305092591,301
9316452,302
2786323310,303
16932489,304
895635687130644480,305
51590414,306
1067925193249759233,307
796109256000843776,308
3097519864,309
2601869406,310
261515114,311
17163609,312
231759188,313
2873928633,314
892732157294030848,315
51757957,316
874887507174981633,317
730823445752258562,318
1951553371,319
1009799569390096384,320
22113265,321
806058672619212800,322
404994634,323
615818451,324
3321159693,325
6182852,326
1264252764345044993,327
46791955,328
382008009,329
1237312746,330
794433401591693312,331
1018558062444064768,332
94199200,333
215113195,334
206026629,335
2909296352,336
119837224,337
14699038,338
733640801914343425,339
112717746,340
15379361,341
1616352942,342
2869101210,343
1283081795890626560,344
825088493764407298,345
845968426011119616,346
16548937,347
331827860,348
806206253634457600,349
557902603,350
1240028228,351
844700194197397506,352
1477712862,353
16716511,354
422388777,355
274821510,356
32513057,357
746139663459618816,358
107264139,359
938616384572948480,360
15201247,361
35826432,362
875456843279081476,363
1446792746,364
39865873,365
882511862524465152,366
84902368,367
839820726777544705,368
15636998,369
2543588034,370
4764525630,371
2967221722,372
945809834112200704,373
1558283664,374
1698006024,375
117233133,376
29907525,377
869862586610851840,378
2278664208,379
1546624215628910592,380
92839676,381
97279389,382
387254862,383
774170436057731073,384
734995453813641216,385
99581347,386
292343271,387
992153930095251456,388
1504845539468263451,389
6130352,390
14053240,391
896870568644853760,392
2999992556,393
13920962,394
2814476470,395
40661455,396
89583009,397
1551386650655084549,398
47864778,399
848799224854609920,400
739586828211101696,401
14903327,402
310606981,403
788533935886077952,404
15939396,405
785618379201654784,406
228283891,407
4194417913,408
1321687705,409
19920203,410
14344469,411
62923439,412
1059680847425527808,413
760595303544201217,414
2684358913,415
927837253,416
10476462,417
3344155571,418
3296780245,419
4917685477,420
370409954,421
197507094,422
978823301802819584,423
626950830,424
46950574,425
2319245521,426
376494033,427
4013975440,428
976897777589456897,429
795089712864051200,430
70482598,431
1158733934,432
785763100712665088,433
1086729872305766401,434
107186366,435
19658565,436
22821179,437
1071534749188001799,438
159622605,439
1901662951,440
4680572004,441
201130645,442
789998140782882817,443
3259586191,444
463249977,445
923010104479252480,446
1075605139,447
2575413876,448
498502964,449
207665930,450
999823638932189184,451
1092693586263457792,452
2979008907,453
1507536562480824321,454
2442745722,455
1154468020863086592,456
2401933753,457
246967759,458
438570403,459
50725778,460
2239670346,461
7739722,462
4744970022,463
2776199244,464
1060953957248290821,465
134318947,466
760048,467
355616314,468
75577931,469
90878317,470
1326237414025801729,471
379923901,472
3293011687,473
244991150,474
95683474,475
448952307,476
57187580,477
39525395,478
1102528033020432385,479
1861943245,480
229005889,481
710610891058716673,482
744564421,483
11518572,484
111060272,485
524807755,486
1205123922125045760,487
1104513007,488
13075702,489
235786679,490
1217628182611927040,491
811646204635287552,492
14351515,493
4872666044,494
4579901,495
97939183,496
207744565,497
2471998820,498
506284230,499
14081052,500
4484386293,501
14977851,502
560668519,503
409194557,504
497791180,505
966815073690730496,506
97275971,507
283755001,508
985158406125375488,509
508659617,510
752505338511908864,511
15751831,512
2920625175,513
68538286,514
14930686,515
4417968213,516
5659072,517
359017793,518
21146468,519
56843433,520
354537284,521
35754180,522
38190583,523
172179385,524
441465751,525
2835683058,526
1385228159604465667,527
101609102,528
2700292374,529
2978637351,530
1368571,531
1025146240353349637,532
15035863,533
325839895,534
21828411,535
1548721730,536
515692050,537
20538904,538
14286412,539
804775,540
2364317023,541
29178343,542
349172730,543
9115762,544
3312108981,545
114088702,546
2222286870,547
799177412013592577,548
14596050,549
2435411576,550
1263917894590742528,551
1188113780,552
16285720,553
4870078413,554
1170214705056452609,555
1273467805283659777,556
1249492212,557
422401447,558
274692257,559
96487686,560
2897178924,561
751414836240609280,562
591797093,563
17823114,564
86817052,565
1476702158,566
309923644,567
46276118,568
1927307227,569
747538968,570
512275659,571
15166546,572
893109085,573
36499663,574
1253834003871936513,575
183655922,576
2153743237,577
115494880,578
2324423269,579
126068081,580
2189702274,581
16136933,582
769188626324398080,583
1107711818997395458,584
1499527722,585
14622002,586
393867458,587
951237270044069888,588
147951210,589
1044298030512570368,590
72131969,591
167089528,592
35473191,593
1166826326,594
17122701,595
1346838578,596
34376328,597
1321466364645748736,598
96584656,599
778041970895781892,600
41860681,601
806193181972779008,602
1092668911,603
115091858,604
76809614,605
6535212,606
713389493076758528,607
1245260977626587136,608
2175158969,609
84547217,610
907346058207936512,611
894677481374064640,612
2550133394,613
55178805,614
751734284092792832,615
133818617,616
17108894,617
535358285,618
27546246,619
289610659,620
408714449,621
2891423524,622
1001114465692200960,623
335091279,624
41259586,625
897060827316072448,626
182817824,627
111831289,628
1041679464084561920,629
1428486968,630
136924601,631
798227418,632
1378254343,633
117171240,634
948353133154988032,635
748218138,636
768197780,637
1186043355710545920,638
226366834,639
4249537197,640
740930520,641
14594687,642
887278045761077248,643
4028343677,644
33389181,645
1002190113831452672,646
3728642057,647
19740214,648
938463903754862593,649
14914457,650
16243515,651
14092380,652
4475055297,653
3511430425,654
2907985939,655
1071640880,656
2539212208,657
6627032,658
1281048162602369024,659
2485541372,660
56686035,661
249619330,662
2330475515,663
778973219311259648,664
3290436545,665
42768627,666
14962763,667
953701660848660480,668
1060511187383795713,669
777590774959529984,670
66999485,671
1365971,672
92101241,673
2444302555,674
28734416,675
322636963,676
182130969,677
1054895671164063744,678
494134136,679
84043323,680
1594508888,681
288623330,682
1069244826,683
26555611,684
833587995928178692,685
636864273,686
215399723,687
4833067575,688
996836950417051649,689
46701577,690
507704346,691
34220569,692
14910772,693
1638141098,694
1187434496888586240,695
19304217,696
1276295754,697
622784277,698
40281983,699
921269701,700
3094610676,701
1091042849561473031,702
1254910635906789378,703
22243503,704
146536061,705
423065127,706
38724665,707
832596127962775552,708
787420092447330304,709
21685630,710
167056343,711
303569935,712
3279117936,713
55873212,714
812127939663974407,715
48662440,716
273097893,717
1335773237683240960,718
880570939779555328,719
25320089,720
25191683,721
1247872005912891392,722
8662382,723
836904555728289793,724
2816636344,725
55997704,726
2979974975,727
76025806,728
784597005825871876,729
42853583,730
107907533,731
1052751059637088263,732
845536129,733
206743057,734
1412779112,735
391703313,736
67250704,737
292832796,738
1202267633049100291,739
32872803,740
1890694861,741
617940906,742
918511183,743
345129453,744
257287707,745
928843374315966464,746
1524469250253066240,747
20451961,748
185076709,749
1055883888159932416,750
27321426,751
74077175,752
994300581291282432,753
760428,754
19491219,755
2232063890,756
109603566,757
55180202,758
825766640,759
21400651,760
389904534,761
114485232,762
3049251566,763
1244087220,764
1000782914,765
12551552,766
3290526443,767
14323258,768
897534330079072256,769
2288653218,770
2784575957,771
1349333725235060736,772
719057596540461057,773
288275969,774
999694984885538817,775
16055364,776
1364265588,777
194005805,778
4603400475,779
23851532,780
165744660,781
17657037,782
790183810973458432,783
15264494,784
1273759854079799297,785
225895485,786
838292815,787
782469380667944960,788
66169171,789
28131948,790
412677577,791
789980646,792
980524179739963392,793
2549122459,794
290843855,795
974757274206978049,796
1319131066259521536,797
521041439,798
2950677387,799
733789580894212096,800
16529292,801
1346717251165069312,802
16535432,803
974734537476530181,804
48544368,805
288194586,806
1116114127519244290,807
74937883,808
1222952152609579010,809
144553035,810
2873891847,811
40285266,812
14538236,813
14755464,814
146684775,815
113938141,816
9527212,817
1305427309,818
830589635738816512,819
790033937531703296,820
470621819,821
1177499407882670085,822
830355049,823
937467860,824
14875983,825
45321027,826
2891025692,827
1082202896261963776,828
227711285,829
1019271778768703490,830
420700588,831
12483052,832
2975528695,833
91026902,834
116117652,835
2750994354,836
22375288,837
129520541,838
46554460,839
599628731,840
821092604821536768,841
2233489694,842
1157283331509235713,843
175184725,844
1373882530374381569,845
797888987675365377,846
242380426,847
95807398,848
1273327266957688832,849
64333359,850
2885934216,851
48712353,852
27171750,853
926822348853886976,854
2996216245,855
14215113,856
2827069807,857
1319101874532978690,858
560083540,859
755877821671702528,860
827297417473228801,861
754087118,862
332600142,863
139627907,864
29955721,865
340037000,866
537861776,867
1288522133501620224,868
630671901,869
1215310334,870
1068360975898660864,871
2480758555,872
16001082,873
905159827936075776,874
1125849026308575239,875
1572599911,876
2826578782,877
15973037,878
765624887192924160,879
4843757851,880
211137580,881
24761783,882
74917911,883
11595422,884
1249433450,885
746788615951355904,886
2621989106,887
208579168,888
2409516403,889
67653490,890
18805477,891
2994959227,892
593394503,893
3448284313,894
107572196,895
895659037198393344,896
970803673155751936,897
89986875,898
1091815542334337024,899
1673643912,900
22392129,901
1197466272734306304,902
317682167,903
281177812,904
70098171,905
2460368252,906
714814378932043776,907
15026770,908
40487404,909
3053460216,910
299942246,911
1041553788996268033,912
15095910,913
137838116,914
244818919,915
40251780,916
502318662,917
20194562,918
138851483,919
908728623988953089,920
1674028088,921
821728498884771841,922
866469276978364416,923
865450555,924
26394719,925
366444641,926
989160650327908353,927
214324769,928
30939264,929
125822301,930
15403540,931
1199782808501153793,932
14155615,933
342578839,934
16119933,935
336161339,936
3601524683,937
882978663825846273,938
731078318414544896,939
223231159,940
3323459854,941
55348425,942
805547773944889344,943
322460769,944
1264438328,945
795701305691910144,946
86163274,947
1665665700,948
568879807,949
3439990697,950
56168599,951
306847234,952
33810723,953
2832190776,954
16976496,955
10239,956
71759409,957
36254739,958
2191799629,959
221106001,960
562267615,961
15989532,962
419039343,963
1408541298,964
987024293157658626,965
353206839,966
935781095596965888,967
87657877,968
1433718835127926787,969
506357248,970
1117130255536357376,971
237918251,972
20831552,973
225345182,974
4548661167,975
153044221,976
713117884239753216,977
268194196,978
992490697105141760,979
3271642441,980
22585327,981
1045619660832600069,982
1296555996303761408,983
29024989,984
726727268391878656,985
773406911488221185,986
883039700,987
1354198150072786946,988
824207366484848641,989
185507820,990
190754693,991
5850692,992
29474101,993
1135017996,994
105294145,995
2920075966,996
2562500989,997
1180627544,998
2249045844,999
4115184972,1000
1193222240202035200,1001
180451291,1002
3837896189,1003
4004364327,1004
65619433,1005
1381505906,1006
390126630,1007
15825547,1008
4725768919,1009
3466980795,1010
3317678802,1011
269916713,1012
3273092125,1013
1098965645079834625,1014
118607575,1015
19520065,1016
2491974073,1017
470154698,1018
856432904108421120,1019
3392755149,1020
1537176308588888064,1021
55305340,1022
357134227,1023
975825911961608192,1024
970337853912821760,1025
97707247,1026
373531234,1027
2987567569,1028
1048804481679282176,1029
268055294,1030
938457074278846468,1031
107367723,1032
1202209184076443648,1033
14279957,1034
1004114099515641858,1035
27530618,1036
2353563199,1037
154989972,1038
16640266,1039
157815038,1040
823323504263229440,1041
702344724519096320,1042
1259188770,1043
495550336,1044
894967749260173313,1045
1250971237,1046
1287669805592576000,1047
935606860547346433,1048
933640800356909056,1049
21054183,1050
45825798,1051
14935521,1052
1218217239213723648,1053
1002748836,1054
345520689,1055
2264368966,1056
24480294,1057
239881246,1058
109814340,1059
71810945,1060
1060447241297629185,1061
925800751628279808,1062
15333148,1063
29140462,1064
1360892702,1065
4010683096,1066
65376897,1067
1012368265753055234,1068
22399655,1069
180115578,1070
15330301,1071
192455600,1072
907007346546810881,1073
846245360,1074
121516577,1075
3905306833,1076
743696568939753475,1077
940367275,1078
87473622,1079
945496245530869760,1080
1195171140,1081
593997793,1082
2637036385,1083
801879070766153728,1084
49155222,1085
3378986176,1086
1388361811,1087
1059813876454354955,1088
593407733,1089
15828150,1090
216520528,1091
928289778960707584,1092
865254426101067778,1093
42587296,1094
4321383435,1095
1192500851492831237,1096
51823376,1097
13185042,1098
3651083545,1099
765697920,1100
1333456199254159360,1101
11583182,1102
734735999029383168,1103
407790032,1104
14322708,1105
913491951013564422,1106
117258094,1107
881959726958862337,1108
2411099706,1109
82032941,1110
1037737514,1111
1204853272583892992,1112
1118495199863476225,1113
278240583,1114
1173687463790829568,1115
885774206,1116
265139899,1117
51091819,1118
122166395,1119
2308964947,1120
3050272306,1121
954436574468624384,1122
4643638454,1123
877952584333410305,1124
1568239549,1125
11056912,1126
4922348584,1127
14850412,1128
2850858010,1129
177651167,1130
35972908,1131
1085427626716491776,1132
385357646,1133
892059194240532480,1134
975356758632882176,1135
807327556072402945,1136
140450875,1137
902085689495261185,1138
1071061173896916993,1139
58318231,1140
774769139269283842,1141
15682009,1142
1495433445253726216,1143
15927798,1144
51836807,1145
225054090,1146
2353046334,1147
115190692,1148
947276762,1149
48581139,1150
260402270,1151
848903782478082048,1152
1012392833834029056,1153
1169196060130123782,1154
923553255652843521,1155
3422200198,1156
2236492597,1157
1605911497,1158
841370824544251904,1159
1912724060,1160
928106436,1161
938899920370655232,1162
166216664,1163
946589764420898816,1164
3305607009,1165
28834892,1166
555417958,1167
207559556,1168
71544226,1169
1640407356,1170
808849767941840896,1171
3240302326,1172
228803223,1173
826558986266804227,1174
29661283,1175
305474242,1176
1113111200857026560,1177
21829724,1178
1137228224,1179
3394080433,1180
928731204001480704,1181
927712304367652865,1182
43821108,1183
1223401116,1184
64313421,1185
1020053469787566082,1186
1693446193,1187
17262985,1188
930903420281556993,1189
65385274,1190
151808246,1191
32991549,1192
61996048,1193
510750603,1194
130349826,1195
546427546,1196
11669522,1197
637108210,1198
1625821280,1199
324479397,1200
280403336,1201
247943631,1202
189416211,1203
199531005,1204
1601204664,1205
1480761882063478784,1206
788107483306942464,1207
5082531,1208
2334129246,1209
3773116163,1210
37880008,1211
912863289528475648,1212
794346991627010048,1213
937725617088356352,1214
877948341719506944,1215
14771839,1216
16948836,1217
16520284,1218
18400880,1219
771267202762670081,1220
467069651,1221
1150753028779192320,1222
4854394618,1223
1029493180704714753,1224
960001811359809537,1225
2519891,1226
148873002,1227
24753328,1228
1282679296843288577,1229
456933366,1230
1417898280399384581,1231
832477706,1232
1498935446,1233
28441180,1234
26825747,1235
2287361940,1236
2280952807,1237
1125510053103058957,1238
18463930,1239
1028469164468396032,1240
878315447048839168,1241
942238055607435264,1242
243851609,1243
369877186,1244
24847747,1245
429863384,1246
707380291552223233,1247
1199686509328289793,1248
2613606518,1249
1334697454072053762,1250
870723729831145472,1251
1141782633317191680,1252
2922540907,1253
940254249920819200,1254
15726813,1255
14327235,1256
24242572,1257
1088829776083570689,1258
726916063,1259
885874631525249026,1260
874847778119266304,1261
354685839,1262
10985942,1263
4053901,1264
116897811,1265
33137065,1266
189751101,1267
91506257,1268
1216061729131696128,1269
743917727820058626,1270
5500632,1271
14583144,1272
1113492634021048320,1273
1872684109,1274
956219336166797312,1275
875904936763998208,1276
1278867679005286401,1277
1467714804,1278
330151669,1279
1274921389946892300,1280
27546319,1281
997082422435921920,1282
350800734,1283
3514528095,1284
242868086,1285
2324046924,1286
981980649975300096,1287
1128159740599656448,1288
1082719172717621253,1289
58349000,1290
3332231,1291
1184906538902867968,1292
1439275952,1293
157012781,1294
763665948268265473,1295
717389285981335552,1296
958750804835315713,1297
908673384611041281,1298
139779025,1299
729935540934561792,1300
333607171,1301
17293820,1302
1003814209665110016,1303
14516149,1304
118745813,1305
524368491,1306
840746981190447105,1307
3353515721,1308
36066851,1309
24859650,1310
4873576144,1311
52736437,1312
776074951262699521,1313
81258431,1314
554869994,1315
861909801554595840,1316
29171413,1317
1275256897373908993,1318
1070381494999236608,1319
12825292,1320
754273366207496192,1321
9095042,1322
721458419576750080,1323
849523488692076545,1324
2235119491,1325
14699604,1326
1355287783326310402,1327
85225861,1328
1105862126432894976,1329
142201024,1330
30198750,1331
841858076193955841,1332
1141772501472727040,1333
536428919,1334
1191076082889310208,1335
2414683548,1336
231259750,1337
24499773,1338
1085303366253633536,1339
710263466351681536,1340
27829248,1341
767345894,1342
1465728402372059144,1343
3420488234,1344
2410922580,1345
5626,1346
2600416064,1347
64535245,1348
998623734222077952,1349
2379135535,1350
489531820,1351
1183060277979439104,1352
17672969,1353
44698222,1354
39677225,1355
226053662,1356
175319263,1357
2735117372,1358
1690186220,1359
1076265378118959104,1360
60267781,1361
867050449127559171,1362
982436315294658560,1363
15484497,1364
58084308,1365
1654119518,1366
16179709,1367
8164582,1368
86865971,1369
109516415,1370
22057658,1371
1117107708,1372
2329475887,1373
3428135649,1374
43496446,1375
1021070439668305920,1376
127721014,1377
837382570266460160,1378
8493552,1379
1050529973751205888,1380
185361150,1381
715582520197156865,1382
762359343656361984,1383
1059281382025977856,1384
421795636,1385
1047913438784249861,1386
1351138240603025410,1387
1940856026,1388
18275645,1389
532791696,1390
1557009648,1391
1104779445007716354,1392
14779075,1393
897643597713068032,1394
716744871403528192,1395
17922997,1396
2977035403,1397
1072176576861741058,1398
23958690,1399
14660142,1400
2282571910,1401
751545566778171392,1402
396231300,1403
821704175591575552,1404
2432031889,1405
4444822872,1406
28290853,1407
917891221397426176,1408
839175375888527360,1409
1070082140375867392,1410
38217933,1411
14841583,1412
1882939814,1413
102512818,1414
58495709,1415
328595919,1416
852533458668748804,1417
369131743,1418
432957426,1419
18309340,1420
357520021,1421
781309796741947396,1422
57201408,1423
3292006950,1424
819861340294524928,1425
546155932,1426
793023,1427
732544572723695616,1428
31032895,1429
844704885870333952,1430
173509160,1431
273185450,1432
15182824,1433
101561169,1434
38990306,1435
79190672,1436
48144742,1437
20417831,1438
828306524489576449,1439
889171693,1440
315718949,1441
1335104042574417920,1442
16958725,1443
2207665903,1444
831822012549050368,1445
494363720,1446
940940098190921730,1447
105350760,1448
16431179,1449
245844592,1450
919511466666946560,1451
23897807,1452
806110972515676160,1453
47992614,1454
906154574033145857,1455
847801154473996288,1456
2796481666,1457
95826432,1458
113404454,1459
43156539,1460
2933286995,1461
214639688,1462
3229862700,1463
1618577623,1464
783422205195583488,1465
454232272,1466
1018953150907154432,1467
1498780964,1468
1057303533622575106,1469
4710897316,1470
991126215049261057,1471
20564032,1472
978223531514388480,1473
2932664828,1474
2232339498,1475
20522053,1476
1098819287446253569,1477
18011472,1478
366055481,1479
404425676,1480
1129720860481339392,1481
24017962,1482
2791196022,1483
847934799666794496,1484
123595497,1485
15137923,1486
2559935774,1487
2464807964,1488
1138843182970523648,1489
988837119408967680,1490
1133476937668542465,1491
21193650,1492
952442351905058816,1493
2224437944,1494
2467440030,1495
2807461219,1496
53604599,1497
951871664085708805,1498
293039966,1499
1229196144,1500
19989030,1501
216798259,1502
20865039,1503
38398940,1504
6504292,1505
1138872700376571905,1506
18676154,1507
3195509018,1508
52316976,1509
4345234454,1510
87030557,1511
321783243,1512
1465941895,1513
1152296594,1514
1050224036,1515
955370246,1516
3017537492,1517
34709963,1518
335476793,1519
40737859,1520
503452360,1521
1369990224,1522
904978626,1523
451240433,1524
1324039292,1525
1016781948038066176,1526
1026903001431138304,1527
14255284,1528
24608543,1529
4827995060,1530
3296271,1531
10792662,1532
738786287239450624,1533
841031248839618560,1534
1942348652,1535
1202165863895449600,1536
248587539,1537
21232536,1538
4729888928,1539
1350226874,1540
926552558,1541
1387433462,1542
1359547014,1543
3716745856,1544
2896106714,1545
250736679,1546
2648504022,1547
901303999529312256,1548
61743163,1549
2818867628,1550
1480102064,1551
21934750,1552
880475875,1553
4285487292,1554
263377240,1555
556150825,1556
61354353,1557
559207602,1558
928523238,1559
892965151736963073,1560
1071548796,1561
128517598,1562
527169836,1563
989606630458298370,1564
1149142678715527169,1565
3044908432,1566
887953975068291072,1567
17396121,1568
17773969,1569
121804256,1570
712806842011922432,1571
19009550,1572
306050621,1573
24547842,1574
899136914531393536,1575
1506609945734782978,1576
1241755395233898496,1577
76551002,1578
17957509,1579
958968890,1580
1515002620162691078,1581
409687006,1582
20333349,1583
14156510,1584
807930559846633472,1585
56951613,1586
2899767672,1587
1235205731747540993,1588
3664572196,1589
65958313,1590
151276265,1591
1002304921184632832,1592
1708068812,1593
15407883,1594
81869176,1595
14632640,1596
822304279037784065,1597
94276164,1598
249701367,1599
1387868958,1600
25496809,1601
1090794734010822657,1602
845277618664562689,1603
27592614,1604
455055919,1605
973073339911569408,1606
2306474280,1607
3403529301,1608
128508055,1609
795547689932955653,1610
572569181,1611
1502036410081202180,1612
91450129,1613
850356925535531009,1614
36549444,1615
1105171148382326789,1616
52675436,1617
1140667999176679424,1618
1403603575519936515,1619
1022452547443875841,1620
1007413134,1621
870035202,1622
1192577568,1623
14326917,1624
207993017,1625
764088549230702592,1626
174625497,1627
2896124082,1628
150837769,1629
50610529,1630
197189853,1631
2385884246,1632
938537664197939201,1633
925907616,1634
943931732386045952,1635
3243778719,1636
1010741757917532161,1637
897510710522990592,1638
225390424,1639
53514472,1640
629838642,1641
174251966,1642
17184960,1643
1630800330,1644
370172421,1645
988872626167828480,1646
7459192,1647
3297255181,1648
41280228,1649
722771089,1650
549573235,1651
3004166806,1652
52511000,1653
18188847,1654
1168390309350268928,1655
9953242,1656
942694791707545600,1657
12110842,1658
950266191523676160,1659
1467438402,1660
30634721,1661
38607779,1662
778246363175907328,1663
558765150,1664
485519064,1665
1506607883076653059,1666
730441670177783808,1667
15167928,1668
294172192,1669
100814040,1670
16187395,1671
534042677,1672
248907475,1673
409062723,1674
572851107,1675
18504007,1676
1141136305,1677
1129513425904607232,1678
967802981948231680,1679
3577781,1680
27884821,1681
1196721533076393984,1682
737066055986774016,1683
3376146821,1684
1470128636665774085,1685
563284497,1686
19755503,1687
308498456,1688
1079871661720195074,1689
940323623398551552,1690
874089399230844928,1691
1408370898,1692
995910912,1693
3013515967,1694
4407223274,1695
259597339,1696
861417356756533248,1697
906249252741029889,1698
928779999963951104,1699
3367877416,1700
8373852,1701
1184529451662528512,1702
50654512,1703
942128313606254597,1704
4240400838,1705
336058734,1706
233372517,1707
1286209302483603457,1708
784436415744442368,1709
3257497779,1710
1665897810,1711
78779561,1712
158768450,1713
786720485384056833,1714
394573933,1715
258540979,1716
819481921986199552,1717
1177048016,1718
946056863048699905,1719
21795879,1720
1131331173517471744,1721
15384995,1722
1193950453941383168,1723
1300893841352986630,1724
218396541,1725
1079346021799546880,1726
606923458,1727
845017841489272832,1728
414014820,1729
736417946214400001,1730
747525118721548288,1731
49461278,1732
1181418672335679488,1733
1074633382452051969,1734
1167063592941891585,1735
861991044,1736
398305354,1737
3024650856,1738
3602313072,1739
875724629951819776,1740
1649821626,1741
1200497804,1742
15616053,1743
33439528,1744
848988978,1745
123074766,1746
1166687727636496385,1747
45034012,1748
2300592098,1749
22313782,1750
1916516474,1751
891007619787235328,1752
219659553,1753
1965764821,1754
823228369449996288,1755
1232794448691519488,1756
57081873,1757
539358987,1758
1178579693458481152,1759
824426964140249089,1760
527228050,1761
775526430192967680,1762
973919934735626240,1763
64368994,1764
43191648,1765
786148,1766
744095828013424640,1767
1382962150075957248,1768
1407462245936816128,1769
173813647,1770
301992639,1771
416132515,1772
100347950,1773
3843380113,1774
1088407134461665282,1775
2724933812,1776
133472357,1777
4064976853,1778
1340743334,1779
1504448097765707777,1780
161399566,1781
967129495072313345,1782
212523120,1783
2741990149,1784
38637367,1785
543919023,1786
124845867,1787
47965116,1788
1323753824654381057,1789
3410447714,1790
1178344434179739648,1791
43489069,1792
9855242,1793
4859410951,1794
2596589880,1795
413474871,1796
727984665017995264,1797
117742529,1798
831389572319866880,1799
1022479194629054467,1800
1179005333890633737,1801
181468096,1802
6057982,1803
1400175774,1804
145076883,1805
90870342,1806
904641102850007040,1807
25120383,1808
48125186,1809
20964022,1810
10756512,1811
14295070,1812
953184058724372480,1813
36241332,1814
385189089,1815
30380195,1816
76233998,1817
39778729,1818
229339862,1819
159389442,1820
289305385,1821
4707240328,1822
96532426,1823
1058203824605716481,1824
2197265034,1825
107770718,1826
242104880,1827
1106599202891665409,1828
874721012897562624,1829
446694758,1830
15194897,1831
175133975,1832
862649978170245120,1833
492932268,1834
47987831,1835
910633147,1836
1237147828704575488,1837
174312391,1838
902411487758581765,1839
35109534,1840
173117297,1841
1036997113274662920,1842
913877810833350656,1843
1423611706270437379,1844
563821235,1845
490375428,1846
3021399517,1847
5895082,1848
334628959,1849
4901650162,1850
47269394,1851
1129160431,1852
809862190803124224,1853
5025111,1854
961672009368432640,1855
2876220447,1856
1387836071455698953,1857
1104256344,1858
50455761,1859
4877568609,1860
17106514,1861
2466279320,1862
38193965,1863
734677275216470016,1864
1040677773969444864,1865
19068097,1866
781901393317752832,1867
1351484791,1868
4334246657,1869
757078795,1870
118862315,1871
1321062394722922497,1872
1287092413194878976,1873
1163270035210530816,1874
989820997976182784,1875
1490830210219970560,1876
988221020,1877
103251112,1878
14283504,1879
176738441,1880
3232640646,1881
133152680,1882
845913799,1883
767812739960082437,1884
308065135,1885
61434104,1886
469697242,1887
22475422,1888
38724319,1889
266028681,1890
95883196,1891
897785725680267265,1892
2850683124,1893
2790739088,1894
2490439280,1895
1231336961253793795,1896
2902314813,1897
850104281197928454,1898
3952264995,1899
143472129,1900
23511272,1901
1226079325,1902
40319606,1903
1288452767376445440,1904
1488787292,1905
12448992,1906
794224315315224576,1907
721018777664626688,1908
1123336792021897216,1909
2564219816,1910
2237355018,1911
403778734,1912
858827671,1913
1006773575137849344,1914
35410744,1915
15078456,1916
1030500158159695872,1917
326295039,1918
34078684,1919
195920016,1920
4070765174,1921
278791721,1922
809336237194706944,1923
255322494,1924
14698885,1925
815941956446470144,1926
915008528246435840,1927
220316405,1928
102253517,1929
92168769,1930
947911979099881472,1931
19829477,1932
1667135348,1933
835789494,1934
5709442,1935
1474108401391226890,1936
526695180,1937
1023230425861373953,1938
316745486,1939
242465833,1940
400251445,1941
2743367647,1942
133148364,1943
964589615230337024,1944
22514268,1945
44873859,1946
291475438,1947
874983308828053504,1948
2162872302,1949
862841288,1950
114163461,1951
827348754,1952
28840722,1953
544803093,1954
497810305,1955
38248489,1956
807092759341465600,1957
148944081,1958
1026514373060255745,1959
936343015349555200,1960
29749354,1961
724965688935329792,1962
1066247159706775552,1963
19664267,1964
567539642,1965
22475345,1966
824999721659936768,1967
110103071,1968
88727377,1969
807991103035215877,1970
757339410,1971
100818387,1972
48735125,1973
1013082985241960454,1974
310804860,1975
1126535819760742400,1976
15394533,1977
265386148,1978
950189417754513409,1979
43516940,1980
4032937023,1981
3021223721,1982
1864965229,1983
2872306178,1984
1047296373555519488,1985
1164660849841016832,1986
4883662141,1987
335130183,1988
14156241,1989
103540992,1990
15196771,1991
1689571992,1992
890966966726479874,1993
872839257735475202,1994
14595061,1995
550454970,1996
98910883,1997
3025629027,1998
891662227035627521,1999
2460835832,2000
454057733,2001
3432396252,2002
294294511,2003
3271724281,2004
848081553368416256,2005
1236812222669586434,2006
241496609,2007
41314673,2008
949284328315367425,2009
1174529814264332289,2010
193224944,2011
135845460,2012
84822240,2013
540786666,2014
978189226146607104,2015
409890910,2016
1500715825,2017
897539622200160256,2018
1020401202306191360,2019
3244194764,2020
416861161,2021
476294042,2022
958767571771240448,2023
15667129,2024
489871135,2025
140491706,2026
1581306612,2027
21789997,2028
296563265,2029
878678526865625088,2030
282700930,2031
2181422070,2032
438777477,2033
1280285344328372224,2034
900040284616114176,2035
3077991249,2036
303991079,2037
22146921,2038
471223644,2039
387697086,2040
3008322017,2041
3011277017,2042
35724743,2043
1195853784,2044
1011980313440878594,2045
18856189,2046
39451990,2047
816712931710763008,2048
188670183,2049
796886868474236929,2050
366359040,2051
1318856844786470918,2052
604344711,2053
301341538,2054
194985826,2055
746345000,2056
1385945814137245700,2057
3314842991,2058
51807171,2059
74974818,2060
4020498861,2061
105174527,2062
2886026100,2063
939254989070802944,2064
803615344707436544,2065
14608670,2066
300771305,2067
2162589301,2068
104744479,2069
2417694960,2070
134061959,2071
816819400334594048,2072
760986968855425025,2073
1053139947648180224,2074
1307912100,2075
1020088099,2076
1003853404421218305,2077
37300122,2078
1910396779,2079
1045905524,2080
461349681,2081
1019072664600637440,2082
1095328144196857856,2083
991222526,2084
2159097679,2085
2941377939,2086
602142693,2087
26227716,2088
1415428329210105859,2089
112654363,2090
181497327,2091
33113669,2092
588179581,2093
1050854439072882688,2094
916742111378182145,2095
90664386,2096
21446729,2097
4844354055,2098
1188148615572807680,2099
14825371,2100
302255160,2101
73355398,2102
202355029,2103
561899047,2104
409006348,2105
46668733,2106
576412169,2107
2729250985,2108
1327867824,2109
910934238953840641,2110
2939913921,2111
80080794,2112
251185927,2113
505759891,2114
998026570697617408,2115
2587743478,2116
257140240,2117
2990366710,2118
2804894554,2119
3188210790,2120
3315615270,2121
2164645370,2122
857827716,2123
3458495297,2124
99270209,2125
833713399,2126
14892316,2127
14792254,2128
36653441,2129
7708932,2130
1225131780531019778,2131
337230205,2132
139811295,2133
1378017343641640961,2134
1308768060187213824,2135
873936709,2136
1145561636,2137
1383027729721913344,2138
111593100,2139
5278681,2140
56268537,2141
486928836,2142
78196808,2143
11453482,2144
795508,2145
274609987,2146
923212159798034436,2147
1010536067886387200,2148
893528361422790657,2149
126693455,2150
748267272939020293,2151
2149131858,2152
948010010,2153
1186333456457973760,2154
1172185038,2155
1865461842,2156
231845623,2157
874697605720289280,2158
36966461,2159
165770213,2160
1219928743944343553,2161
859841785,2162
3143049392,2163
755894373024354304,2164
111886381,2165
358695512,2166
438815435,2167
350890828,2168
116832314,2169
3344897053,2170
1483918307484848132,2171
1012486837384835072,2172
1449233574,2173
899968956253044737,2174
2970844662,2175
2719401787,2176
989074962,2177
923587122996699138,2178
795043706894249984,2179
2190843289,2180
1096159979982241793,2181
2572564244,2182
1028185370,2183
595910929,2184
240162140,2185
20877181,2186
175023414,2187
961853513906102273,2188
56468788,2189
3027431134,2190
743030133116796928,2191
256644046,2192
1506911064050470915,2193
4538045747,2194
939498802767044608,2195
1215966313765646336,2196
18318677,2197
166479009,2198
56998231,2199
1090728682258350081,2200
2819780381,2201
3298994444,2202
1070579504379121664,2203
830184831803731969,2204
909621062387814400,2205
52565429,2206
2464426970,2207
395507419,2208
369433931,2209
3102084481,2210
25747317,2211
802411951,2212
2508533179,2213
287819742,2214
923346378343903232,2215
784289617,2216
827230895144845312,2217
18832917,2218
1047224058893537280,2219
3848409688,2220
2615151296,2221
17473349,2222
2932062039,2223
47420712,2224
788851519064010754,2225
1315710841791143937,2226
575774620,2227
95819754,2228
1032814362019483649,2229
10580512,2230
348373908,2231
4193839349,2232
1105671,2233
116464364,2234
3216567403,2235
246560802,2236
14578294,2237
1134226884818919425,2238
867341835353681921,2239
1658410471,2240
174734024,2241
930322109351460864,2242
3792459557,2243
1014263782493818880,2244
54780666,2245
2448534947,2246
944481411687428096,2247
495142716,2248
874126509245476864,2249
1481930160,2250
913416603559235584,2251
512935817,2252
32236177,2253
1141052916570214400,2254
935220451273424897,2255
3310311821,2256
3055871650,2257
1009495181882773506,2258
858213902,2259
1346314146543857665,2260
127159325,2261
24308239,2262
1318555511437037569,2263
718292346,2264
2306462901,2265
3815263763,2266
29149902,2267
906203226,2268
630527027,2269
2982581051,2270
1017408130865434624,2271
752712449321644032,2272
2291877818,2273
2178806734,2274
25710082,2275
2308942153,2276
68506929,2277
2582562763,2278
107498223,2279
1164399635072339968,2280
3399818873,2281
758771866500816896,2282
2894532745,2283
73133048,2284
835716165943103491,2285
2696224645,2286
531840401,2287
3297775416,2288
912908737828057088,2289
1273126486254538752,2290
513010273,2291
792067425659260928,2292
771325662,2293
1093290008902021120,2294
15416152,2295
375173704,2296
778641979890667520,2297
312016800,2298
775895273604284416,2299
183782682,2300
22042824,2301
811000117,2302
46624314,2303
715736888548560898,2304
1183814145155596288,2305
522575440,2306
151193108,2307
1641956484,2308
39470345,2309
708107905,2310
1423140542850895872,2311
1317725209437360128,2312
117793113,2313
926628885772558337,2314
1017699069177802753,2315
111104803,2316
9687722,2317
2349907753,2318
872164380,2319
453064505,2320
532291250,2321
3098175912,2322
1199941082,2323
1960071811,2324
17702469,2325
2586993817,2326
65638162,2327
354405101,2328
14342052,2329
22306308,2330
1387376042,2331
3301031138,2332
965766812104146944,2333
16367706,2334
220821124,2335
19526483,2336
1046611830,2337
149096802,2338
36524036,2339
184338062,2340
784830007,2341
461194204,2342
1273019309040648193,2343
300084023,2344
1282685840360189952,2345
3348952347,2346
791080241112514560,2347
35468732,2348
1640469804,2349
21157567,2350
15720374,2351
1308811981,2352
212305188,2353
599666486,2354
142032230,2355
1141006043218108419,2356
2659365828,2357
18284062,2358
199089566,2359
14565508,2360
109538525,2361
1402885929937915905,2362
982200698,2363
1339231156924010496,2364
6046222,2365
579143740,2366
20343802,2367
3309035346,2368
1015371729835778048,2369
2811349542,2370
1577764962,2371
807487617478643712,2372
2712200551,2373
1238049606,2374
1341998694900641793,2375
946472323728764929,2376
8453442,2377
2791947167,2378
90950020,2379
2350841239,2380
48174958,2381
1236113082201456640,2382
2697248899,2383
1195847613628612608,2384
1591961539,2385
795620317532143616,2386
1005850877482106880,2387
210687960,2388
3823047148,2389
2149662469,2390
49583798,2391
785393798,2392
136335720,2393
1006797311593377792,2394
1260917258970451969,2395
3257593736,2396
1135162760097087489,2397
1958020381,2398
781751678613659648,2399
2917275246,2400
1291487042921168898,2401
1258576696980017152,2402
932563102499000320,2403
1207973272681406466,2404
747343449414729728,2405
30142130,2406
1233552889055834112,2407
1446678528,2408
7773042,2409
1193084373026967552,2410
17476667,2411
71512330,2412
1354993004,2413
14647871,2414
268919557,2415
90276706,2416
793843626522456064,2417
1070545175942959105,2418
127831036,2419
255847016,2420
255401464,2421
1494431362568364037,2422
2915858477,2423
4734678075,2424
2672671078,2425
2801042705,2426
2585907650,2427
251927957,2428
285523156,2429
699756456527028224,2430
437872720,2431
124319949,2432
991393490381746176,2433
1162013081834332160,2434
3235687848,2435
1096309491308609537,2436
4831580349,2437
3022633752,2438
1018787154695213056,2439
827263157332692992,2440
1188224435364327424,2441
312989371,2442
45794386,2443
148619576,2444
949207972563116032,2445
4026779375,2446
1398413593,2447
2800073955,2448
406574362,2449
2764975040,2450
898538970,2451
158681231,2452
201811433,2453
233948159,2454
890454487,2455
88273207,2456
1037195648636989442,2457
2452006644,2458
2816045773,2459
1303627850025705473,2460
1127248134558572544,2461
56113666,2462
11617852,2463
930077097028145154,2464
1005395495949406208,2465
174564998,2466
86839041,2467
446634627,2468
969885144,2469
876274407995527169,2470
2411366334,2471
1073704329528438785,2472
146189583,2473
1561251870,2474
1969042490,2475
2932063797,2476
863765416048504832,2477
1278031093208399872,2478
956669833,2479
558098865,2480
926859515986923520,2481
2568319752,2482
3237409567,2483
1007655562908139520,2484
832153553397436419,2485
115426969,2486
158847776,2487
748569084594368512,2488
986871566343589889,2489
12466002,2490
2613619922,2491
763432576375779328,2492
873533729054097409,2493
3387726225,2494
2371598784,2495
132574639,2496
12204272,2497
33331807,2498
293920301,2499
945906846715580416,2500
825058345,2501
863128474743189508,2502
1017373138500378624,2503
17419461,2504
778545824116551680,2505
1035524448319885312,2506
3207418287,2507
449236360,2508
232607343,2509
98723626,2510
124797824,2511
70407371,2512
1846655912,2513
255587198,2514
14611986,2515
69490373,2516
53630806,2517
763153355669594113,2518
16004380,2519
1534689410,2520
881941146510938112,2521
23341395,2522
520296267,2523
374218172,2524
2770048016,2525
4439992828,2526
3948752537,2527
340331086,2528
1262375165490540549,2529
890656833236602881,2530
716239728077578244,2531
566094708,2532
349598702,2533
368622300,2534
94100507,2535
943867671061417984,2536
18153864,2537
3161381154,2538
392065903,2539
23286375,2540
1341243709,2541
108254657,2542
98385867,2543
854366239849926657,2544
2543867616,2545
58851196,2546
380316955,2547
36260491,2548
71460788,2549
14155662,2550
20801701,2551
24391782,2552
10012062,2553
617213120,2554
821014804232097793,2555
1441892108,2556
55673030,2557
877886035,2558
508360150,2559
1204513930254544896,2560
1478502302,2561
1381544381509947393,2562
2842875815,2563
2977373842,2564
1374125979321307143,2565
109561078,2566
155425682,2567
2733642475,2568
29931309,2569
736667972123512832,2570
1457938333,2571
1379023502,2572
66971944,2573
264820821,2574
2775621423,2575
3576148773,2576
1689323390,2577
19332603,2578
1551906920,2579
805498064131805184,2580
2484034296,2581
342602156,2582
20593623,2583
2925753598,2584
14689051,2585
720477252,2586
20304025,2587
446437472,2588
501534807,2589
842566566394941445,2590
14826566,2591
1250475209959698432,2592
824121287790493697,2593
763368160527544320,2594
24603962,2595
1286686164347314179,2596
16217909,2597
559572885,2598
1201897667468681216,2599
1651242848,2600
898869630,2601
47501330,2602
3372731763,2603
964589530295582721,2604
1316986807,2605
272913328,2606
4022411,2607
745746610198450176,2608
4204558966,2609
1029257873820270592,2610
2582822957,2611
934830624,2612
17048713,2613
982132042845401088,2614
2303998730,2615
493458695,2616
1282845426,2617
981929532474183682,2618
1051285441,2619
14213817,2620
1216642555615547392,2621
51695319,2622
15827376,2623
2148741,2624
819861285915475968,2625
1118714500872433665,2626
65254738,2627
1074952653631881216,2628
725639768663576576,2629
284665860,2630
2742174478,2631
3364327647,2632
308306041,2633
1203825050476072960,2634
1211320382906462208,2635
3120231815,2636
14702678,2637
702089336842375169,2638
714135850934734849,2639
755183838532370432,2640
829656407410610176,2641
796695330079248384,2642
109550268,2643
50554535,2644
14322592,2645
14660284,2646
1038551440610881536,2647
779498185051996160,2648
1338393738511589377,2649
1055832302650081281,2650
2376146880,2651
1127583752950099969,2652
17409866,2653
33597834,2654
15068044,2655
1213616077,2656
138518015,2657
103808446,2658
2419234122,2659
877607017510301696,2660
1114836386,2661
80860077,2662
1040475510193545216,2663
1224016924767653888,2664
3075414729,2665
1228388711458594817,2666
1031668515978264577,2667
14346204,2668
55522623,2669
1940366048,2670
1173334037777141760,2671
2933441,2672
2333045815,2673
2957147102,2674
2835996290,2675
1037378954376536064,2676
759531465067663360,2677
80446199,2678
4905189250,2679
43180335,2680
2998763504,2681
23646118,2682
8790042,2683
1052776963293761536,2684
132594322,2685
17435275,2686
319518346,2687
204645278,2688
888706303,2689
767951934,2690
1167692574703767552,2691
223440240,2692
40684912,2693
899746531904901121,2694
248757309,2695
1010143971006406660,2696
2440642856,2697
207229560,2698
1297858144861925379,2699
742934207526244352,2700
2485711525,2701
1085572143574802432,2702
828652441889542144,2703
1668547123,2704
11773812,2705
377099235,2706
740208036254482432,2707
342167747,2708
865198234913964032,2709
3307276270,2710
1185212547319959557,2711
325572949,2712
432862262,2713
169987308,2714
1166332664569368576,2715
158477225,2716
600595737,2717
2820162291,2718
34488432,2719
20516231,2720
195915277,2721
15960453,2722
1353103220273336320,2723
14381760,2724
480685905,2725
2309562024,2726
941156280,2727
9684932,2728
139128649,2729
29962384,2730
1427345971587928081,2731
1332464886979452928,2732
1090077356960534533,2733
954575538424860672,2734
446659775,2735
1561918448766173185,2736
354571530,2737
2711765406,2738
1025953645706133504,2739
1130242110693826560,2740
80466845,2741
539119944,2742
399948170,2743
885529884432486402,2744
937688847852417025,2745
1017303186984620033,2746
53885771,2747
1252674738624901120,2748
4247185872,2749
46878621,2750
16684607,2751
3152204074,2752
13369482,2753
15421904,2754
1402012236,2755
758832806294204416,2756
3284146452,2757
46959157,2758
15423006,2759
505745237,2760
32018884,2761
196874132,2762
1091259951274749952,2763
734721998144851969,2764
200689857,2765
583843363,2766
16995996,2767
210529206,2768
743131030773600256,2769
737939022480297984,2770
182730982,2771
593047872,2772
8383522,2773
43543495,2774
1273976173807140866,2775
852856132632797184,2776
969143088127008769,2777
1976589691,2778
2339814349,2779
890480254493614080,2780
465290645,2781
374160268,2782
939598326755860480,2783
793249,2784
373525906,2785
1219044882918133767,2786
858041402,2787
3100596960,2788
577537524,2789
1148089820,2790
990197023,2791
438512626,2792
2402715362,2793
32352938,2794
2244121213,2795
12448762,2796
164135176,2797
12691172,2798
2728209696,2799
25111286,2800
1234195291202473985,2801
6002822,2802
911769564500725761,2803
22403036,2804
14688936,2805
2914019402,2806
2259247776,2807
1466588718,2808
22213177,2809
1138462876677468161,2810
2485229282,2811
385037892,2812
382302464,2813
1251766560655413248,2814
8630302,2815
2363225568,2816
783098774130401280,2817
1325753828147298306,2818
227672051,2819
326862066,2820
957568530626555904,2821
973677551607463936,2822
913041,2823
4626566476,2824
559781065,2825
1118276696,2826
32337513,2827
2497511276,2828
1115817574078582785,2829
1376179255072161793,2830
1515424688,2831
92182169,2832
14141037,2833
1102704797403238400,2834
1449978614,2835
391145599,2836
874327271955468291,2837
501708480,2838
248824237,2839
755521218,2840
1158593840321662976,2841
566006956,2842
1567311991,2843
109251162,2844
828297052740268037,2845
838628310536097792,2846
17732248,2847
710917213994102784,2848
1160308556366798850,2849
1247652517,2850
2770204252,2851
1114262251559636992,2852
288237991,2853
573817445,2854
4341731914,2855
465811633,2856
1297324065611489285,2857
790614,2858
1551513431915864066,2859
223694721,2860
384576322,2861
875914488020701188,2862
316287871,2863
33656249,2864
3165225777,2865
1429244802764197888,2866
82424813,2867
489550720,2868
2698179823,2869
1444622906756063235,2870
3781441,2871
3288468461,2872
994846342118871040,2873
191068269,2874
3252931977,2875
1539568781315514368,2876
955017329863221248,2877
869145636,2878
884373274620076032,2879
1538035659784347648,2880
756813781573836800,2881
81023088,2882
246427772,2883
228654508,2884
5513242,2885
372558267,2886
14328706,2887
2309687984,2888
66537123,2889
1878909680,2890
265414308,2891
1889071470,2892
2255642364,2893
3262723722,2894
51622790,2895
24405165,2896
427477975,2897
1358816766802227203,2898
1469446118543036419,2899
938160863537532928,2900
765618116063887360,2901
1005710993035427840,2902
1534889417026031616,2903
360540433,2904
204235304,2905
1089103279282282496,2906
969629299933315073,2907
738011191,2908
58708896,2909
52880030,2910
375312247,2911
805453805852557313,2912
14097633,2913
439954155,2914
47126544,2915
495741531,2916
1169879005408817153,2917
779342054610472960,2918
2276526397,2919
2795506604,2920
1031152690523504640,2921
4906122605,2922
882521793239691264,2923
14882716,2924
4617024083,2925
37522774,2926
14908120,2927
2432749404,2928
1057398778288893952,2929
370063521,2930
829498113186426880,2931
814126670,2932
912979973706743808,2933
1303086214686281728,2934
503635698,2935
870472983952994305,2936
922849429836533760,2937
953904672,2938
846984978,2939
1964773735,2940
3835292774,2941
249353968,2942
846357545908420608,2943
747439791331893248,2944
742685803634130944,2945
1216393462062424066,2946
1138105948214505473,2947
1210968438409023488,2948
77643,2949
9827202,2950
1545546103,2951
15260270,2952
1243709419,2953
1372518536556449793,2954
17800689,2955
46897695,2956
1132965807896563714,2957
1276757361865056256,2958
892425926956404736,2959
193810315,2960
91267548,2961
477030336,2962
1571648905,2963
4716962310,2964
932637774544453632,2965
823740672,2966
1161698032959860736,2967
968053955845484545,2968
28306402,2969
838252340838719489,2970
17157367,2971
14832563,2972
706788431976931328,2973
925913081032650752,2974
1319063112,2975
198678609,2976
1091231365796954112,2977
15792794,2978
808750328241799168,2979